pie(17:08:59.1000,+21:53:08.100,0.00000',0.06667',64.999975,234.99997)
pie(17:08:59.1000,+21:53:08.100,0.00000',0.06667',244.99997,414.99997)
